local Jenga = Instance.new("Model")
Jenga.Name = "Jenga"
Jenga.WorldPivot = CFrame.new(-12.02903938293457, 9.483221054077148, 24.490110397338867, 0, 0, -1, 0, 1, 0, 1, 0, 0)

local Smooth = Instance.new("Part")
Smooth.Name = "Smooth"
Smooth.Color = Color3.fromRGB(204, 142, 105)
Smooth.Material = Enum.Material.Wood
Smooth.Size = Vector3.new(3.358340263366699, 2.2499992847442627, 10.025001525878906)
Smooth.CFrame = CFrame.new(-12.01807975769043, 3.3251895904541016, 21.20645523071289, 0.0007579785888083279, -0.00021891912911087275, -0.9999997019767761, 0.00008007461292436346, 1, -0.00021885850583203137, 0.9999997019767761, -0.00007990869926288724, 0.0007579961093142629)
Smooth.Parent = Jenga

local Mesh = Instance.new("SpecialMesh")
Mesh.VertexColor = Vector3.new(0.95686274766922, 0.7137255072593689, 0.5686274766921997)
Mesh.Scale = Vector3.new(1.7000000476837158, 1.899999976158142, 2.700000047683716)
Mesh.MeshId = "rbxassetid://1173507765"
Mesh.TextureId = "http://www.roblox.com/asset/?id=2881697609"
Mesh.MeshType = Enum.MeshType.FileMesh
Mesh.Parent = Smooth

local DragDetector = Instance.new("DragDetector")
DragDetector.Parent = Smooth

local Smooth1 = Instance.new("Part")
Smooth1.Name = "Smooth"
Smooth1.Color = Color3.fromRGB(204, 142, 105)
Smooth1.Material = Enum.Material.Wood
Smooth1.Size = Vector3.new(3.358340263366699, 2.2499992847442627, 10.025001525878906)
Smooth1.CFrame = CFrame.new(-12.080842971801758, 12.128500938415527, 21.250295639038086, -0.012485378421843052, -0.0022100217174738646, -0.999919593334198, -0.00021765993733424693, 0.9999975562095642, -0.002207476180046797, 0.9999220371246338, 0.0001900812640087679, -0.012485828250646591)
Smooth1.Parent = Jenga

local Mesh1 = Instance.new("SpecialMesh")
Mesh1.VertexColor = Vector3.new(0.95686274766922, 0.7137255072593689, 0.5686274766921997)
Mesh1.Scale = Vector3.new(1.7000000476837158, 1.899999976158142, 2.700000047683716)
Mesh1.MeshId = "rbxassetid://1173507765"
Mesh1.TextureId = "http://www.roblox.com/asset/?id=2881697609"
Mesh1.MeshType = Enum.MeshType.FileMesh
Mesh1.Parent = Smooth1

local DragDetector1 = Instance.new("DragDetector")
DragDetector1.Parent = Smooth1

local Smooth2 = Instance.new("Part")
Smooth2.Name = "Smooth"
Smooth2.Color = Color3.fromRGB(204, 142, 105)
Smooth2.Material = Enum.Material.Wood
Smooth2.Size = Vector3.new(3.358340263366699, 2.2499992847442627, 10.100003242492676)
Smooth2.CFrame = CFrame.new(-12.140705108642578, 12.127400398254395, 27.908411026000977, -0.014892538078129292, -0.002255453960970044, -0.9998865723609924, -0.00027597902226261795, 0.9999974370002747, -0.002251593628898263, 0.999889075756073, 0.00024241577193606645, -0.014893122017383575)
Smooth2.Parent = Jenga

local Mesh2 = Instance.new("SpecialMesh")
Mesh2.VertexColor = Vector3.new(0.95686274766922, 0.7137255072593689, 0.5686274766921997)
Mesh2.Scale = Vector3.new(1.7000000476837158, 1.899999976158142, 2.700000047683716)
Mesh2.MeshId = "rbxassetid://1173507765"
Mesh2.TextureId = "http://www.roblox.com/asset/?id=2881697609"
Mesh2.MeshType = Enum.MeshType.FileMesh
Mesh2.Parent = Smooth2

local DragDetector2 = Instance.new("DragDetector")
DragDetector2.Parent = Smooth2

local Smooth3 = Instance.new("Part")
Smooth3.Name = "Smooth"
Smooth3.Color = Color3.fromRGB(124, 92, 70)
Smooth3.Material = Enum.Material.Wood
Smooth3.Size = Vector3.new(3.358340263366699, 2.2499992847442627, 10.050004005432129)
Smooth3.CFrame = CFrame.new(-12.098926544189453, 12.127795219421387, 24.575021743774414, -0.01408476009964943, -0.002196189481765032, -0.999898374080658, -0.00023304394562728703, 0.9999975562095642, -0.0021931244991719723, 0.999900758266449, 0.0002021306281676516, -0.014085237868130207)
Smooth3.Parent = Jenga

local Mesh3 = Instance.new("SpecialMesh")
Mesh3.VertexColor = Vector3.new(0.6431372761726379, 0.5176470875740051, 0.4313725531101227)
Mesh3.Scale = Vector3.new(1.7000000476837158, 1.899999976158142, 2.700000047683716)
Mesh3.MeshId = "rbxassetid://1173507765"
Mesh3.TextureId = "http://www.roblox.com/asset/?id=2881697609"
Mesh3.MeshType = Enum.MeshType.FileMesh
Mesh3.Parent = Smooth3

local DragDetector3 = Instance.new("DragDetector")
DragDetector3.Parent = Smooth3

local Smooth4 = Instance.new("Part")
Smooth4.Name = "Smooth"
Smooth4.Color = Color3.fromRGB(204, 142, 105)
Smooth4.Material = Enum.Material.Wood
Smooth4.Size = Vector3.new(3.358340263366699, 2.2499992847442627, 10.100003242492676)
Smooth4.CFrame = CFrame.new(-12.211318969726562, 16.526233673095703, 27.943334579467773, -0.019884342327713966, -0.002484915778040886, -0.9997991919517517, -0.0004338528960943222, 0.9999968409538269, -0.002476778347045183, 0.9998021721839905, 0.00038451666478067636, -0.019885357469320297)
Smooth4.Parent = Jenga

local Mesh4 = Instance.new("SpecialMesh")
Mesh4.VertexColor = Vector3.new(0.95686274766922, 0.7137255072593689, 0.5686274766921997)
Mesh4.Scale = Vector3.new(1.7000000476837158, 1.899999976158142, 2.700000047683716)
Mesh4.MeshId = "rbxassetid://1173507765"
Mesh4.TextureId = "http://www.roblox.com/asset/?id=2881697609"
Mesh4.MeshType = Enum.MeshType.FileMesh
Mesh4.Parent = Smooth4

local DragDetector4 = Instance.new("DragDetector")
DragDetector4.Parent = Smooth4

local Smooth5 = Instance.new("Part")
Smooth5.Name = "Smooth"
Smooth5.Color = Color3.fromRGB(204, 142, 105)
Smooth5.Material = Enum.Material.Wood
Smooth5.Size = Vector3.new(3.358340263366699, 2.2499992847442627, 10.025001525878906)
Smooth5.CFrame = CFrame.new(-12.110044479370117, 16.52889633178711, 21.297100067138672, -0.018699247390031815, -0.002490161918103695, -0.9998220801353455, -0.00038045967812649906, 0.9999968409538269, -0.002483481541275978, 0.9998250603675842, 0.00033395274658687413, -0.018700135871767998)
Smooth5.Parent = Jenga

local Mesh5 = Instance.new("SpecialMesh")
Mesh5.VertexColor = Vector3.new(0.95686274766922, 0.7137255072593689, 0.5686274766921997)
Mesh5.Scale = Vector3.new(1.7000000476837158, 1.899999976158142, 2.700000047683716)
Mesh5.MeshId = "rbxassetid://1173507765"
Mesh5.TextureId = "http://www.roblox.com/asset/?id=2881697609"
Mesh5.MeshType = Enum.MeshType.FileMesh
Mesh5.Parent = Smooth5

local DragDetector5 = Instance.new("DragDetector")
DragDetector5.Parent = Smooth5

local Smooth6 = Instance.new("Part")
Smooth6.Name = "Smooth"
Smooth6.Color = Color3.fromRGB(124, 92, 70)
Smooth6.Material = Enum.Material.Wood
Smooth6.Size = Vector3.new(3.358340263366699, 2.2499992847442627, 10.050004005432129)
Smooth6.CFrame = CFrame.new(-12.157236099243164, 16.52762222290039, 24.626455307006836, -0.019699713215231895, -0.0024812882766127586, -0.9998028874397278, -0.0004507891717366874, 0.9999968409538269, -0.0024728875141590834, 0.9998058676719666, 0.0004019851330667734, -0.01970077119767666)
Smooth6.Parent = Jenga

local Mesh6 = Instance.new("SpecialMesh")
Mesh6.VertexColor = Vector3.new(0.6431372761726379, 0.5176470875740051, 0.4313725531101227)
Mesh6.Scale = Vector3.new(1.7000000476837158, 1.899999976158142, 2.700000047683716)
Mesh6.MeshId = "rbxassetid://1173507765"
Mesh6.TextureId = "http://www.roblox.com/asset/?id=2881697609"
Mesh6.MeshType = Enum.MeshType.FileMesh
Mesh6.Parent = Smooth6

local DragDetector6 = Instance.new("DragDetector")
DragDetector6.Parent = Smooth6

local Smooth7 = Instance.new("Part")
Smooth7.Name = "Smooth"
Smooth7.Color = Color3.fromRGB(204, 142, 105)
Smooth7.Material = Enum.Material.Wood
Smooth7.Size = Vector3.new(3.358340263366699, 2.2499992847442627, 10.025001525878906)
Smooth7.CFrame = CFrame.new(-15.372701644897461, 9.921792030334473, 24.495481491088867, 0.9999573826789856, -0.0018271221779286861, -0.0090505201369524, 0.0018249673303216696, 0.9999983310699463, -0.00024633659631945193, 0.009050955064594746, 0.00022980918583925813, 0.9999589920043945)
Smooth7.Parent = Jenga

local Mesh7 = Instance.new("SpecialMesh")
Mesh7.VertexColor = Vector3.new(0.95686274766922, 0.7137255072593689, 0.5686274766921997)
Mesh7.Scale = Vector3.new(1.7000000476837158, 1.899999976158142, 2.700000047683716)
Mesh7.MeshId = "rbxassetid://1173507765"
Mesh7.TextureId = "http://www.roblox.com/asset/?id=2881697609"
Mesh7.MeshType = Enum.MeshType.FileMesh
Mesh7.Parent = Smooth7

local DragDetector7 = Instance.new("DragDetector")
DragDetector7.Parent = Smooth7

local Smooth8 = Instance.new("Part")
Smooth8.Name = "Smooth"
Smooth8.Color = Color3.fromRGB(124, 92, 70)
Smooth8.Material = Enum.Material.Wood
Smooth8.Size = Vector3.new(3.358340263366699, 2.2499992847442627, 10.050004005432129)
Smooth8.CFrame = CFrame.new(-12.16169548034668, 18.72726821899414, 24.59882164001465, 0.9997699856758118, -0.002561284229159355, -0.021293604746460915, 0.0025516992900520563, 0.9999966025352478, -0.00047729435027576983, 0.02129475586116314, 0.0004228496691212058, 0.9997731447219849)
Smooth8.Parent = Jenga

local Mesh8 = Instance.new("SpecialMesh")
Mesh8.VertexColor = Vector3.new(0.6431372761726379, 0.5176470875740051, 0.4313725531101227)
Mesh8.Scale = Vector3.new(1.7000000476837158, 1.899999976158142, 2.700000047683716)
Mesh8.MeshId = "rbxassetid://1173507765"
Mesh8.TextureId = "http://www.roblox.com/asset/?id=2881697609"
Mesh8.MeshType = Enum.MeshType.FileMesh
Mesh8.Parent = Smooth8

local DragDetector8 = Instance.new("DragDetector")
DragDetector8.Parent = Smooth8

local Smooth9 = Instance.new("Part")
Smooth9.Name = "Smooth"
Smooth9.Color = Color3.fromRGB(204, 142, 105)
Smooth9.Material = Enum.Material.Wood
Smooth9.Size = Vector3.new(3.358340263366699, 2.2499992847442627, 10.100003242492676)
Smooth9.CFrame = CFrame.new(-12.073007583618164, 7.726713180541992, 27.870969772338867, -0.0055594430305063725, -0.0014118141261860728, -0.999983549118042, -0.00006039044092176482, 0.9999989867210388, -0.0014115001540631056, 0.9999845623970032, 0.000052542294724844396, -0.005559522658586502)
Smooth9.Parent = Jenga

local Mesh9 = Instance.new("SpecialMesh")
Mesh9.VertexColor = Vector3.new(0.95686274766922, 0.7137255072593689, 0.5686274766921997)
Mesh9.Scale = Vector3.new(1.7000000476837158, 1.899999976158142, 2.700000047683716)
Mesh9.MeshId = "rbxassetid://1173507765"
Mesh9.TextureId = "http://www.roblox.com/asset/?id=2881697609"
Mesh9.MeshType = Enum.MeshType.FileMesh
Mesh9.Parent = Smooth9

local DragDetector9 = Instance.new("DragDetector")
DragDetector9.Parent = Smooth9

local Smooth10 = Instance.new("Part")
Smooth10.Name = "Smooth"
Smooth10.Color = Color3.fromRGB(204, 142, 105)
Smooth10.Material = Enum.Material.Wood
Smooth10.Size = Vector3.new(3.358340263366699, 2.2499992847442627, 10.025001525878906)
Smooth10.CFrame = CFrame.new(-12.024213790893555, 7.724740982055664, 21.23150062561035, -0.005445935297757387, -0.0006346312584355474, -0.9999849796295166, -0.0003223813546355814, 0.9999997615814209, -0.0006328849121928215, 0.9999850988388062, 0.00031892984407022595, -0.005446138326078653)
Smooth10.Parent = Jenga

local Mesh10 = Instance.new("SpecialMesh")
Mesh10.VertexColor = Vector3.new(0.95686274766922, 0.7137255072593689, 0.5686274766921997)
Mesh10.Scale = Vector3.new(1.7000000476837158, 1.899999976158142, 2.700000047683716)
Mesh10.MeshId = "rbxassetid://1173507765"
Mesh10.TextureId = "http://www.roblox.com/asset/?id=2881697609"
Mesh10.MeshType = Enum.MeshType.FileMesh
Mesh10.Parent = Smooth10

local DragDetector10 = Instance.new("DragDetector")
DragDetector10.Parent = Smooth10

local Smooth11 = Instance.new("Part")
Smooth11.Name = "Smooth"
Smooth11.Color = Color3.fromRGB(124, 92, 70)
Smooth11.Material = Enum.Material.Wood
Smooth11.Size = Vector3.new(3.358340263366699, 2.2499992847442627, 10.050004005432129)
Smooth11.CFrame = CFrame.new(-12.016952514648438, 5.525447845458984, 24.49449348449707, 0.9999943971633911, -0.0006177269387990236, -0.0032884059473872185, 0.0006178965559229255, 0.9999998211860657, 0.00005057637463323772, 0.003288374049589038, -0.00005260798570816405, 0.9999945759773254)
Smooth11.Parent = Jenga

local Mesh11 = Instance.new("SpecialMesh")
Mesh11.VertexColor = Vector3.new(0.6431372761726379, 0.5176470875740051, 0.4313725531101227)
Mesh11.Scale = Vector3.new(1.7000000476837158, 1.899999976158142, 2.700000047683716)
Mesh11.MeshId = "rbxassetid://1173507765"
Mesh11.TextureId = "http://www.roblox.com/asset/?id=2881697609"
Mesh11.MeshType = Enum.MeshType.FileMesh
Mesh11.Parent = Smooth11

local DragDetector11 = Instance.new("DragDetector")
DragDetector11.Parent = Smooth11

local Smooth12 = Instance.new("Part")
Smooth12.Name = "Smooth"
Smooth12.Color = Color3.fromRGB(204, 142, 105)
Smooth12.Material = Enum.Material.Wood
Smooth12.Size = Vector3.new(3.358340263366699, 2.2499992847442627, 10.100003242492676)
Smooth12.CFrame = CFrame.new(-8.658636093139648, 1.125950813293457, 24.489225387573242, 0.9999918937683105, -0.00011605556210270151, 0.0040303864516317844, 0.00011604424071265385, 1, 0.0000030433859592449153, -0.004030386917293072, -0.0000025756580726010725, 0.9999918937683105)
Smooth12.Parent = Jenga

local Mesh12 = Instance.new("SpecialMesh")
Mesh12.VertexColor = Vector3.new(0.95686274766922, 0.7137255072593689, 0.5686274766921997)
Mesh12.Scale = Vector3.new(1.7000000476837158, 1.899999976158142, 2.700000047683716)
Mesh12.MeshId = "rbxassetid://1173507765"
Mesh12.TextureId = "http://www.roblox.com/asset/?id=2881697609"
Mesh12.MeshType = Enum.MeshType.FileMesh
Mesh12.Parent = Smooth12

local DragDetector12 = Instance.new("DragDetector")
DragDetector12.Parent = Smooth12

local Smooth13 = Instance.new("Part")
Smooth13.Name = "Smooth"
Smooth13.Color = Color3.fromRGB(204, 142, 105)
Smooth13.Material = Enum.Material.Wood
Smooth13.Size = Vector3.new(3.358340263366699, 2.2499992847442627, 10.100003242492676)
Smooth13.CFrame = CFrame.new(-8.7347412109375, 9.932541847229004, 24.552900314331055, 0.999958872795105, -0.0022701274137943983, -0.008778157643973827, 0.002271262463182211, 0.9999974370002747, 0.0001193438729387708, 0.008777864277362823, -0.0001392764679621905, 0.9999614357948303)
Smooth13.Parent = Jenga

local Mesh13 = Instance.new("SpecialMesh")
Mesh13.VertexColor = Vector3.new(0.95686274766922, 0.7137255072593689, 0.5686274766921997)
Mesh13.Scale = Vector3.new(1.7000000476837158, 1.899999976158142, 2.700000047683716)
Mesh13.MeshId = "rbxassetid://1173507765"
Mesh13.TextureId = "http://www.roblox.com/asset/?id=2881697609"
Mesh13.MeshType = Enum.MeshType.FileMesh
Mesh13.Parent = Smooth13

local DragDetector13 = Instance.new("DragDetector")
DragDetector13.Parent = Smooth13

local Smooth14 = Instance.new("Part")
Smooth14.Name = "Smooth"
Smooth14.Color = Color3.fromRGB(124, 92, 70)
Smooth14.Material = Enum.Material.Wood
Smooth14.Size = Vector3.new(3.358340263366699, 2.2499992847442627, 10.050004005432129)
Smooth14.CFrame = CFrame.new(-12.04813003540039, 9.927952766418457, 24.51215171813965, 0.9999597668647766, -0.00233141565695405, -0.008660557679831982, 0.0023312759585678577, 0.9999972581863403, -0.00002621071325847879, 0.008660595864057541, 0.000006019507964083459, 0.9999625086784363)
Smooth14.Parent = Jenga

local Mesh14 = Instance.new("SpecialMesh")
Mesh14.VertexColor = Vector3.new(0.6431372761726379, 0.5176470875740051, 0.4313725531101227)
Mesh14.Scale = Vector3.new(1.7000000476837158, 1.899999976158142, 2.700000047683716)
Mesh14.MeshId = "rbxassetid://1173507765"
Mesh14.TextureId = "http://www.roblox.com/asset/?id=2881697609"
Mesh14.MeshType = Enum.MeshType.FileMesh
Mesh14.Parent = Smooth14

local DragDetector14 = Instance.new("DragDetector")
DragDetector14.Parent = Smooth14

local Smooth15 = Instance.new("Part")
Smooth15.Name = "Smooth"
Smooth15.Color = Color3.fromRGB(204, 142, 105)
Smooth15.Material = Enum.Material.Wood
Smooth15.Size = Vector3.new(3.358340263366699, 2.2499992847442627, 10.100003242492676)
Smooth15.CFrame = CFrame.new(-12.011346817016602, 3.325420379638672, 27.848180770874023, 0.0010800525778904557, 0.00016525144746992737, -0.9999994039535522, -0.0000696633433108218, 1, 0.00016517630137968808, 0.9999994039535522, 0.00006948490772629157, 0.0010800641030073166)
Smooth15.Parent = Jenga

local Mesh15 = Instance.new("SpecialMesh")
Mesh15.VertexColor = Vector3.new(0.95686274766922, 0.7137255072593689, 0.5686274766921997)
Mesh15.Scale = Vector3.new(1.7000000476837158, 1.899999976158142, 2.700000047683716)
Mesh15.MeshId = "rbxassetid://1173507765"
Mesh15.TextureId = "http://www.roblox.com/asset/?id=2881697609"
Mesh15.MeshType = Enum.MeshType.FileMesh
Mesh15.Parent = Smooth15

local DragDetector15 = Instance.new("DragDetector")
DragDetector15.Parent = Smooth15

local Smooth16 = Instance.new("Part")
Smooth16.Name = "Smooth"
Smooth16.Color = Color3.fromRGB(204, 142, 105)
Smooth16.Material = Enum.Material.Wood
Smooth16.Size = Vector3.new(3.358340263366699, 2.2499992847442627, 10.100003242492676)
Smooth16.CFrame = CFrame.new(-8.690866470336914, 5.526632308959961, 24.50038719177246, 0.9999960660934448, -0.0008347355178557336, -0.002683983650058508, 0.0008345040841959417, 0.9999996423721313, -0.00008734039874980226, 0.002684055594727397, 0.00008510025509167463, 0.9999964237213135)
Smooth16.Parent = Jenga

local Mesh16 = Instance.new("SpecialMesh")
Mesh16.VertexColor = Vector3.new(0.95686274766922, 0.7137255072593689, 0.5686274766921997)
Mesh16.Scale = Vector3.new(1.7000000476837158, 1.899999976158142, 2.700000047683716)
Mesh16.MeshId = "rbxassetid://1173507765"
Mesh16.TextureId = "http://www.roblox.com/asset/?id=2881697609"
Mesh16.MeshType = Enum.MeshType.FileMesh
Mesh16.Parent = Smooth16

local DragDetector16 = Instance.new("DragDetector")
DragDetector16.Parent = Smooth16

local Smooth17 = Instance.new("Part")
Smooth17.Name = "Smooth"
Smooth17.Color = Color3.fromRGB(124, 92, 70)
Smooth17.Material = Enum.Material.Wood
Smooth17.Size = Vector3.new(3.358340263366699, 2.2499992847442627, 10.050004005432129)
Smooth17.CFrame = CFrame.new(-12.134593963623047, 14.327963829040527, 24.563993453979492, 0.9998477697372437, -0.0024409033358097076, -0.017277268692851067, 0.002434828784316778, 0.9999969601631165, -0.0003726166323758662, 0.017278125509619713, 0.0003304927085991949, 0.9998506903648376)
Smooth17.Parent = Jenga

local Mesh17 = Instance.new("SpecialMesh")
Mesh17.VertexColor = Vector3.new(0.6431372761726379, 0.5176470875740051, 0.4313725531101227)
Mesh17.Scale = Vector3.new(1.7000000476837158, 1.899999976158142, 2.700000047683716)
Mesh17.MeshId = "rbxassetid://1173507765"
Mesh17.TextureId = "http://www.roblox.com/asset/?id=2881697609"
Mesh17.MeshType = Enum.MeshType.FileMesh
Mesh17.Parent = Smooth17

local DragDetector17 = Instance.new("DragDetector")
DragDetector17.Parent = Smooth17

local Smooth18 = Instance.new("Part")
Smooth18.Name = "Smooth"
Smooth18.Color = Color3.fromRGB(204, 142, 105)
Smooth18.Material = Enum.Material.Wood
Smooth18.Size = Vector3.new(3.358340263366699, 2.2499992847442627, 10.025001525878906)
Smooth18.CFrame = CFrame.new(-15.451833724975586, 14.32010269165039, 24.53388023376465, 0.9998558163642883, -0.0023770362604409456, -0.016812670975923538, 0.002371526788920164, 0.9999971389770508, -0.0003476257261354476, 0.016813449561595917, 0.0003077038854826242, 0.9998586177825928)
Smooth18.Parent = Jenga

local Mesh18 = Instance.new("SpecialMesh")
Mesh18.VertexColor = Vector3.new(0.95686274766922, 0.7137255072593689, 0.5686274766921997)
Mesh18.Scale = Vector3.new(1.7000000476837158, 1.899999976158142, 2.700000047683716)
Mesh18.MeshId = "rbxassetid://1173507765"
Mesh18.TextureId = "http://www.roblox.com/asset/?id=2881697609"
Mesh18.MeshType = Enum.MeshType.FileMesh
Mesh18.Parent = Smooth18

local DragDetector18 = Instance.new("DragDetector")
DragDetector18.Parent = Smooth18

local Smooth19 = Instance.new("Part")
Smooth19.Name = "Smooth"
Smooth19.Color = Color3.fromRGB(124, 92, 70)
Smooth19.Material = Enum.Material.Wood
Smooth19.Size = Vector3.new(3.358340263366699, 2.2499992847442627, 10.050004005432129)
Smooth19.CFrame = CFrame.new(-12.01515007019043, 3.3252735137939453, 24.527921676635742, 0.0011256409343332052, -0.0000527718584635295, -0.9999993443489075, -0.000016035401131375693, 1, -0.00005278993921820074, 0.9999993443489075, 0.00001609481478226371, 0.0011256400030106306)
Smooth19.Parent = Jenga

local Mesh19 = Instance.new("SpecialMesh")
Mesh19.VertexColor = Vector3.new(0.6431372761726379, 0.5176470875740051, 0.4313725531101227)
Mesh19.Scale = Vector3.new(1.7000000476837158, 1.899999976158142, 2.700000047683716)
Mesh19.MeshId = "rbxassetid://1173507765"
Mesh19.TextureId = "http://www.roblox.com/asset/?id=2881697609"
Mesh19.MeshType = Enum.MeshType.FileMesh
Mesh19.Parent = Smooth19

local DragDetector19 = Instance.new("DragDetector")
DragDetector19.Parent = Smooth19

local Smooth20 = Instance.new("Part")
Smooth20.Name = "Smooth"
Smooth20.Color = Color3.fromRGB(204, 142, 105)
Smooth20.Material = Enum.Material.Wood
Smooth20.Size = Vector3.new(3.358340263366699, 2.2499992847442627, 10.100003242492676)
Smooth20.CFrame = CFrame.new(-8.839834213256836, 18.735889434814453, 24.66487693786621, 0.9997719526290894, -0.0025823856703937054, -0.02119746431708336, 0.0025735206436365843, 0.9999966025352478, -0.00044547373545356095, 0.021198540925979614, 0.00039082003058865666, 0.999775230884552)
Smooth20.Parent = Jenga

local Mesh20 = Instance.new("SpecialMesh")
Mesh20.VertexColor = Vector3.new(0.95686274766922, 0.7137255072593689, 0.5686274766921997)
Mesh20.Scale = Vector3.new(1.7000000476837158, 1.899999976158142, 2.700000047683716)
Mesh20.MeshId = "rbxassetid://1173507765"
Mesh20.TextureId = "http://www.roblox.com/asset/?id=2881697609"
Mesh20.MeshType = Enum.MeshType.FileMesh
Mesh20.Parent = Smooth20

local DragDetector20 = Instance.new("DragDetector")
DragDetector20.Parent = Smooth20

local Smooth21 = Instance.new("Part")
Smooth21.Name = "Smooth"
Smooth21.Color = Color3.fromRGB(124, 92, 70)
Smooth21.Material = Enum.Material.Wood
Smooth21.Size = Vector3.new(3.358340263366699, 2.2499992847442627, 10.050004005432129)
Smooth21.CFrame = CFrame.new(-12.02114486694336, 7.726158142089844, 24.552099227905273, -0.005760406609624624, -0.0013183136470615864, -0.9999825358390808, -0.00012622663052752614, 0.9999991059303284, -0.0013176084030419588, 0.9999834299087524, 0.00011863446707138792, -0.005760567728430033)
Smooth21.Parent = Jenga

local Mesh21 = Instance.new("SpecialMesh")
Mesh21.VertexColor = Vector3.new(0.6431372761726379, 0.5176470875740051, 0.4313725531101227)
Mesh21.Scale = Vector3.new(1.7000000476837158, 1.899999976158142, 2.700000047683716)
Mesh21.MeshId = "rbxassetid://1173507765"
Mesh21.TextureId = "http://www.roblox.com/asset/?id=2881697609"
Mesh21.MeshType = Enum.MeshType.FileMesh
Mesh21.Parent = Smooth21

local DragDetector21 = Instance.new("DragDetector")
DragDetector21.Parent = Smooth21

local Smooth22 = Instance.new("Part")
Smooth22.Name = "Smooth"
Smooth22.Color = Color3.fromRGB(204, 142, 105)
Smooth22.Material = Enum.Material.Wood
Smooth22.Size = Vector3.new(3.358340263366699, 2.2499992847442627, 10.025001525878906)
Smooth22.CFrame = CFrame.new(-15.30058479309082, 1.1256227493286133, 24.52381706237793, 0.9999954104423523, 0.000009214063538820483, 0.0030279371421784163, -0.000009314270755567122, 1, 0.00003308002487756312, -0.0030279369093477726, -0.0000331080773321446, 0.9999954104423523)
Smooth22.Parent = Jenga

local Mesh22 = Instance.new("SpecialMesh")
Mesh22.VertexColor = Vector3.new(0.95686274766922, 0.7137255072593689, 0.5686274766921997)
Mesh22.Scale = Vector3.new(1.7000000476837158, 1.899999976158142, 2.700000047683716)
Mesh22.MeshId = "rbxassetid://1173507765"
Mesh22.TextureId = "http://www.roblox.com/asset/?id=2881697609"
Mesh22.MeshType = Enum.MeshType.FileMesh
Mesh22.Parent = Smooth22

local DragDetector22 = Instance.new("DragDetector")
DragDetector22.Parent = Smooth22

local Smooth23 = Instance.new("Part")
Smooth23.Name = "Smooth"
Smooth23.Color = Color3.fromRGB(204, 142, 105)
Smooth23.Material = Enum.Material.Wood
Smooth23.Size = Vector3.new(3.358340263366699, 2.2499992847442627, 10.025001525878906)
Smooth23.CFrame = CFrame.new(-15.478460311889648, 18.71868896484375, 24.537248611450195, 0.99977046251297, -0.0026319706812500954, -0.021261204034090042, 0.002624373184517026, 0.9999964833259583, -0.000385234656278044, 0.021262142807245255, 0.00032934892806224525, 0.9997738599777222)
Smooth23.Parent = Jenga

local Mesh23 = Instance.new("SpecialMesh")
Mesh23.VertexColor = Vector3.new(0.95686274766922, 0.7137255072593689, 0.5686274766921997)
Mesh23.Scale = Vector3.new(1.7000000476837158, 1.899999976158142, 2.700000047683716)
Mesh23.MeshId = "rbxassetid://1173507765"
Mesh23.TextureId = "http://www.roblox.com/asset/?id=2881697609"
Mesh23.MeshType = Enum.MeshType.FileMesh
Mesh23.Parent = Smooth23

local DragDetector23 = Instance.new("DragDetector")
DragDetector23.Parent = Smooth23

local Smooth24 = Instance.new("Part")
Smooth24.Name = "Smooth"
Smooth24.Color = Color3.fromRGB(204, 142, 105)
Smooth24.Material = Enum.Material.Wood
Smooth24.Size = Vector3.new(3.358340263366699, 2.2499992847442627, 10.025001525878906)
Smooth24.CFrame = CFrame.new(-15.339656829833984, 5.523456573486328, 24.51851463317871, 0.9999932646751404, -0.0007158915977925062, -0.003593187779188156, 0.000715848698746413, 0.9999997615814209, -0.000013219922038842924, 0.0035931963939219713, 0.000010647654562490061, 0.9999935626983643)
Smooth24.Parent = Jenga

local Mesh24 = Instance.new("SpecialMesh")
Mesh24.VertexColor = Vector3.new(0.95686274766922, 0.7137255072593689, 0.5686274766921997)
Mesh24.Scale = Vector3.new(1.7000000476837158, 1.899999976158142, 2.700000047683716)
Mesh24.MeshId = "rbxassetid://1173507765"
Mesh24.TextureId = "http://www.roblox.com/asset/?id=2881697609"
Mesh24.MeshType = Enum.MeshType.FileMesh
Mesh24.Parent = Smooth24

local DragDetector24 = Instance.new("DragDetector")
DragDetector24.Parent = Smooth24

local Smooth25 = Instance.new("Part")
Smooth25.Name = "Smooth"
Smooth25.Color = Color3.fromRGB(124, 92, 70)
Smooth25.Material = Enum.Material.Wood
Smooth25.Size = Vector3.new(3.358340263366699, 2.2499992847442627, 10.050004005432129)
Smooth25.CFrame = CFrame.new(-11.983318328857422, 1.1256303787231445, 24.494909286499023, 0.9999953508377075, -0.00014733524585608393, 0.0030517089180648327, 0.00014710290997754782, 1, 0.00007636132068000734, -0.003051720093935728, -0.00007591205212520435, 0.9999953508377075)
Smooth25.Parent = Jenga

local Mesh25 = Instance.new("SpecialMesh")
Mesh25.VertexColor = Vector3.new(0.6431372761726379, 0.5176470875740051, 0.4313725531101227)
Mesh25.Scale = Vector3.new(1.7000000476837158, 1.899999976158142, 2.700000047683716)
Mesh25.MeshId = "rbxassetid://1173507765"
Mesh25.TextureId = "http://www.roblox.com/asset/?id=2881697609"
Mesh25.MeshType = Enum.MeshType.FileMesh
Mesh25.Parent = Smooth25

local DragDetector25 = Instance.new("DragDetector")
DragDetector25.Parent = Smooth25

local Smooth26 = Instance.new("Part")
Smooth26.Name = "Smooth"
Smooth26.Color = Color3.fromRGB(204, 142, 105)
Smooth26.Material = Enum.Material.Wood
Smooth26.Size = Vector3.new(3.358340263366699, 2.2499992847442627, 10.100003242492676)
Smooth26.CFrame = CFrame.new(-8.807485580444336, 14.335350036621094, 24.62550926208496, 0.999862790107727, -0.0022461817134171724, -0.016412194818258286, 0.0022444617934525013, 0.9999974966049194, -0.00012321776011958718, 0.01641242951154709, 0.00008636430720798671, 0.9998652935028076)
Smooth26.Parent = Jenga

local Mesh26 = Instance.new("SpecialMesh")
Mesh26.VertexColor = Vector3.new(0.95686274766922, 0.7137255072593689, 0.5686274766921997)
Mesh26.Scale = Vector3.new(1.7000000476837158, 1.899999976158142, 2.700000047683716)
Mesh26.MeshId = "rbxassetid://1173507765"
Mesh26.TextureId = "http://www.roblox.com/asset/?id=2881697609"
Mesh26.MeshType = Enum.MeshType.FileMesh
Mesh26.Parent = Smooth26

local DragDetector26 = Instance.new("DragDetector")
DragDetector26.Parent = Smooth26

local Smooth27 = Instance.new("Part")
Smooth27.Name = "Smooth"
Smooth27.Color = Color3.fromRGB(124, 92, 70)
Smooth27.Material = Enum.Material.Wood
Smooth27.Size = Vector3.new(3.358340263366699, 2.2499992847442627, 10.050004005432129)
Smooth27.CFrame = CFrame.new(-12.350809097290039, 38.52799987792969, 24.664770126342773, -0.031188329681754112, -0.00401855306699872, -0.9995054602622986, -0.00013594463234767318, 0.9999919533729553, -0.0040162671357393265, 0.9995135068893433, 0.000010616729014145676, -0.03118862397968769)
Smooth27.Parent = Jenga

local Mesh27 = Instance.new("SpecialMesh")
Mesh27.VertexColor = Vector3.new(0.6431372761726379, 0.5176470875740051, 0.4313725531101227)
Mesh27.Scale = Vector3.new(1.7000000476837158, 1.899999976158142, 2.700000047683716)
Mesh27.MeshId = "rbxassetid://1173507765"
Mesh27.TextureId = "http://www.roblox.com/asset/?id=2881697609"
Mesh27.MeshType = Enum.MeshType.FileMesh
Mesh27.Parent = Smooth27

local DragDetector27 = Instance.new("DragDetector")
DragDetector27.Parent = Smooth27

local Smooth28 = Instance.new("Part")
Smooth28.Name = "Smooth"
Smooth28.Color = Color3.fromRGB(204, 142, 105)
Smooth28.Material = Enum.Material.Wood
Smooth28.Size = Vector3.new(3.358340263366699, 2.2499992847442627, 10.100003242492676)
Smooth28.CFrame = CFrame.new(-12.278289794921875, 20.92613983154297, 27.955801010131836, -0.022354399785399437, -0.0028188664000481367, -0.9997461438179016, -0.00030895063537172973, 0.9999960064888, -0.002812662860378623, 0.9997500777244568, 0.00024599680909886956, -0.022355182096362114)
Smooth28.Parent = Jenga

local Mesh28 = Instance.new("SpecialMesh")
Mesh28.VertexColor = Vector3.new(0.95686274766922, 0.7137255072593689, 0.5686274766921997)
Mesh28.Scale = Vector3.new(1.7000000476837158, 1.899999976158142, 2.700000047683716)
Mesh28.MeshId = "rbxassetid://1173507765"
Mesh28.TextureId = "http://www.roblox.com/asset/?id=2881697609"
Mesh28.MeshType = Enum.MeshType.FileMesh
Mesh28.Parent = Smooth28

local DragDetector28 = Instance.new("DragDetector")
DragDetector28.Parent = Smooth28

local Smooth29 = Instance.new("Part")
Smooth29.Name = "Smooth"
Smooth29.Color = Color3.fromRGB(204, 142, 105)
Smooth29.Material = Enum.Material.Wood
Smooth29.Size = Vector3.new(3.358340263366699, 2.2499992847442627, 10.025001525878906)
Smooth29.CFrame = CFrame.new(-8.925764083862305, 23.136409759521484, 24.683950424194336, -0.9997192621231079, -0.0028590590227395296, 0.023519519716501236, -0.002853014972060919, 0.9999958872795105, 0.0002905299770645797, -0.023520253598690033, 0.0002233468840131536, -0.9997233152389526)
Smooth29.Parent = Jenga

local Mesh29 = Instance.new("SpecialMesh")
Mesh29.VertexColor = Vector3.new(0.95686274766922, 0.7137255072593689, 0.5686274766921997)
Mesh29.Scale = Vector3.new(1.7000000476837158, 1.899999976158142, 2.700000047683716)
Mesh29.MeshId = "rbxassetid://1173507765"
Mesh29.TextureId = "http://www.roblox.com/asset/?id=2881697609"
Mesh29.MeshType = Enum.MeshType.FileMesh
Mesh29.Parent = Smooth29

local DragDetector29 = Instance.new("DragDetector")
DragDetector29.Parent = Smooth29

local Smooth30 = Instance.new("Part")
Smooth30.Name = "Smooth"
Smooth30.Color = Color3.fromRGB(204, 142, 105)
Smooth30.Material = Enum.Material.Wood
Smooth30.Size = Vector3.new(3.358340263366699, 2.2499992847442627, 10.100003242492676)
Smooth30.CFrame = CFrame.new(-15.631675720214844, 31.91518211364746, 24.533689498901367, -0.9995279312133789, -0.0037042393814772367, 0.030498351901769638, -0.003701108740642667, 0.9999931454658508, 0.00015910422371234745, -0.03049873188138008, 0.000046151406422723085, -0.9995347857475281)
Smooth30.Parent = Jenga

local Mesh30 = Instance.new("SpecialMesh")
Mesh30.VertexColor = Vector3.new(0.95686274766922, 0.7137255072593689, 0.5686274766921997)
Mesh30.Scale = Vector3.new(1.7000000476837158, 1.899999976158142, 2.700000047683716)
Mesh30.MeshId = "rbxassetid://1173507765"
Mesh30.TextureId = "http://www.roblox.com/asset/?id=2881697609"
Mesh30.MeshType = Enum.MeshType.FileMesh
Mesh30.Parent = Smooth30

local DragDetector30 = Instance.new("DragDetector")
DragDetector30.Parent = Smooth30

local Smooth31 = Instance.new("Part")
Smooth31.Name = "Smooth"
Smooth31.Color = Color3.fromRGB(124, 92, 70)
Smooth31.Material = Enum.Material.Wood
Smooth31.Size = Vector3.new(3.358340263366699, 2.2499992847442627, 10.050004005432129)
Smooth31.CFrame = CFrame.new(-12.317302703857422, 31.927282333374023, 24.616125106811523, -0.9995359182357788, -0.0036657005548477173, 0.030240342020988464, -0.003662810893729329, 0.9999932646751404, 0.0001509502762928605, -0.03024069219827652, 0.00004011556302430108, -0.9995426535606384)
Smooth31.Parent = Jenga

local Mesh31 = Instance.new("SpecialMesh")
Mesh31.VertexColor = Vector3.new(0.6431372761726379, 0.5176470875740051, 0.4313725531101227)
Mesh31.Scale = Vector3.new(1.7000000476837158, 1.899999976158142, 2.700000047683716)
Mesh31.MeshId = "rbxassetid://1173507765"
Mesh31.TextureId = "http://www.roblox.com/asset/?id=2881697609"
Mesh31.MeshType = Enum.MeshType.FileMesh
Mesh31.Parent = Smooth31

local DragDetector31 = Instance.new("DragDetector")
DragDetector31.Parent = Smooth31

local Smooth32 = Instance.new("Part")
Smooth32.Name = "Smooth"
Smooth32.Color = Color3.fromRGB(204, 142, 105)
Smooth32.Material = Enum.Material.Wood
Smooth32.Size = Vector3.new(3.358340263366699, 2.2499992847442627, 10.025001525878906)
Smooth32.CFrame = CFrame.new(-9.011106491088867, 31.939359664916992, 24.712430953979492, -0.9995246529579163, -0.0036302118096500635, 0.03061557188630104, -0.0036273542791604996, 0.9999933838844299, 0.00014887131692375988, -0.03061590902507305, 0.000037747027818113565, -0.9995312094688416)
Smooth32.Parent = Jenga

local Mesh32 = Instance.new("SpecialMesh")
Mesh32.VertexColor = Vector3.new(0.95686274766922, 0.7137255072593689, 0.5686274766921997)
Mesh32.Scale = Vector3.new(1.7000000476837158, 1.899999976158142, 2.700000047683716)
Mesh32.MeshId = "rbxassetid://1173507765"
Mesh32.TextureId = "http://www.roblox.com/asset/?id=2881697609"
Mesh32.MeshType = Enum.MeshType.FileMesh
Mesh32.Parent = Smooth32

local DragDetector32 = Instance.new("DragDetector")
DragDetector32.Parent = Smooth32

local Smooth33 = Instance.new("Part")
Smooth33.Name = "Smooth"
Smooth33.Color = Color3.fromRGB(204, 142, 105)
Smooth33.Material = Enum.Material.Wood
Smooth33.Size = Vector3.new(3.358340263366699, 2.2499992847442627, 10.025001525878906)
Smooth33.CFrame = CFrame.new(-9.043535232543945, 36.34025573730469, 24.72120475769043, -0.9995207190513611, -0.0038678532000631094, 0.030715055763721466, -0.0038653211668133736, 0.9999924898147583, 0.00014181164442561567, -0.030715374276041985, 0.000023020122171146795, -0.999528169631958)
Smooth33.Parent = Jenga

local Mesh33 = Instance.new("SpecialMesh")
Mesh33.VertexColor = Vector3.new(0.95686274766922, 0.7137255072593689, 0.5686274766921997)
Mesh33.Scale = Vector3.new(1.7000000476837158, 1.899999976158142, 2.700000047683716)
Mesh33.MeshId = "rbxassetid://1173507765"
Mesh33.TextureId = "http://www.roblox.com/asset/?id=2881697609"
Mesh33.MeshType = Enum.MeshType.FileMesh
Mesh33.Parent = Smooth33

local DragDetector33 = Instance.new("DragDetector")
DragDetector33.Parent = Smooth33

local Smooth34 = Instance.new("Part")
Smooth34.Name = "Smooth"
Smooth34.Color = Color3.fromRGB(124, 92, 70)
Smooth34.Material = Enum.Material.Wood
Smooth34.Size = Vector3.new(3.358340263366699, 2.2499992847442627, 10.050004005432129)
Smooth34.CFrame = CFrame.new(-12.35720443725586, 36.327491760253906, 24.634801864624023, -0.9995174407958984, -0.0038637001998722553, 0.03082120232284069, -0.0038610990159213543, 0.9999925494194031, 0.00014391036529559642, -0.030821528285741806, 0.000024837203454808332, -0.9995248913764954)
Smooth34.Parent = Jenga

local Mesh34 = Instance.new("SpecialMesh")
Mesh34.VertexColor = Vector3.new(0.6431372761726379, 0.5176470875740051, 0.4313725531101227)
Mesh34.Scale = Vector3.new(1.7000000476837158, 1.899999976158142, 2.700000047683716)
Mesh34.MeshId = "rbxassetid://1173507765"
Mesh34.TextureId = "http://www.roblox.com/asset/?id=2881697609"
Mesh34.MeshType = Enum.MeshType.FileMesh
Mesh34.Parent = Smooth34

local DragDetector34 = Instance.new("DragDetector")
DragDetector34.Parent = Smooth34

local Smooth35 = Instance.new("Part")
Smooth35.Name = "Smooth"
Smooth35.Color = Color3.fromRGB(204, 142, 105)
Smooth35.Material = Enum.Material.Wood
Smooth35.Size = Vector3.new(3.358340263366699, 2.2499992847442627, 10.025001525878906)
Smooth35.CFrame = CFrame.new(-12.227151870727539, 29.72783088684082, 21.329151153564453, -0.02909826673567295, -0.0035662713926285505, -0.9995701909065247, -0.00015795524814166129, 0.999993622303009, -0.0035631840582937002, 0.9995765686035156, 0.00005420487650553696, -0.029098644852638245)
Smooth35.Parent = Jenga

local Mesh35 = Instance.new("SpecialMesh")
Mesh35.VertexColor = Vector3.new(0.95686274766922, 0.7137255072593689, 0.5686274766921997)
Mesh35.Scale = Vector3.new(1.7000000476837158, 1.899999976158142, 2.700000047683716)
Mesh35.MeshId = "rbxassetid://1173507765"
Mesh35.TextureId = "http://www.roblox.com/asset/?id=2881697609"
Mesh35.MeshType = Enum.MeshType.FileMesh
Mesh35.Parent = Smooth35

local DragDetector35 = Instance.new("DragDetector")
DragDetector35.Parent = Smooth35

local Smooth36 = Instance.new("Part")
Smooth36.Name = "Smooth"
Smooth36.Color = Color3.fromRGB(204, 142, 105)
Smooth36.Material = Enum.Material.Wood
Smooth36.Size = Vector3.new(3.358340263366699, 2.2499992847442627, 10.100003242492676)
Smooth36.CFrame = CFrame.new(-15.606752395629883, 27.51597023010254, 24.5373477935791, -0.9996002912521362, -0.0034303918946534395, 0.0280618779361248, -0.00342676043510437, 0.9999940991401672, 0.0001774937118170783, -0.02806232124567032, 0.000081261430750601, -0.999606192111969)
Smooth36.Parent = Jenga

local Mesh36 = Instance.new("SpecialMesh")
Mesh36.VertexColor = Vector3.new(0.95686274766922, 0.7137255072593689, 0.5686274766921997)
Mesh36.Scale = Vector3.new(1.7000000476837158, 1.899999976158142, 2.700000047683716)
Mesh36.MeshId = "rbxassetid://1173507765"
Mesh36.TextureId = "http://www.roblox.com/asset/?id=2881697609"
Mesh36.MeshType = Enum.MeshType.FileMesh
Mesh36.Parent = Smooth36

local DragDetector36 = Instance.new("DragDetector")
DragDetector36.Parent = Smooth36

local Smooth37 = Instance.new("Part")
Smooth37.Name = "Smooth"
Smooth37.Color = Color3.fromRGB(204, 142, 105)
Smooth37.Material = Enum.Material.Wood
Smooth37.Size = Vector3.new(3.358340263366699, 2.2499992847442627, 10.025001525878906)
Smooth37.CFrame = CFrame.new(-8.971956253051758, 27.537919998168945, 24.691274642944336, -0.9996100068092346, -0.0032553416676819324, 0.027734367176890373, -0.003250329289585352, 0.999994695186615, 0.00022580438235308975, -0.02773495391011238, 0.00013557050260715187, -0.9996153116226196)
Smooth37.Parent = Jenga

local Mesh37 = Instance.new("SpecialMesh")
Mesh37.VertexColor = Vector3.new(0.95686274766922, 0.7137255072593689, 0.5686274766921997)
Mesh37.Scale = Vector3.new(1.7000000476837158, 1.899999976158142, 2.700000047683716)
Mesh37.MeshId = "rbxassetid://1173507765"
Mesh37.TextureId = "http://www.roblox.com/asset/?id=2881697609"
Mesh37.MeshType = Enum.MeshType.FileMesh
Mesh37.Parent = Smooth37

local DragDetector37 = Instance.new("DragDetector")
DragDetector37.Parent = Smooth37

local Smooth38 = Instance.new("Part")
Smooth38.Name = "Smooth"
Smooth38.Color = Color3.fromRGB(124, 92, 70)
Smooth38.Material = Enum.Material.Wood
Smooth38.Size = Vector3.new(3.358340263366699, 2.2499992847442627, 10.050004005432129)
Smooth38.CFrame = CFrame.new(-12.221899032592773, 25.32744598388672, 24.64606285095215, -0.025081824511289597, -0.003247799351811409, -0.9996801018714905, -0.00022259053366724402, 0.999994695186615, -0.003243236569687724, 0.9996853470802307, 0.00014117304817773402, -0.025082414969801903)
Smooth38.Parent = Jenga

local Mesh38 = Instance.new("SpecialMesh")
Mesh38.VertexColor = Vector3.new(0.6431372761726379, 0.5176470875740051, 0.4313725531101227)
Mesh38.Scale = Vector3.new(1.7000000476837158, 1.899999976158142, 2.700000047683716)
Mesh38.MeshId = "rbxassetid://1173507765"
Mesh38.TextureId = "http://www.roblox.com/asset/?id=2881697609"
Mesh38.MeshType = Enum.MeshType.FileMesh
Mesh38.Parent = Smooth38

local DragDetector38 = Instance.new("DragDetector")
DragDetector38.Parent = Smooth38

