local PaperBin = Instance.new("Model")
PaperBin.Name = "PaperBin"
PaperBin.WorldPivot = CFrame.new(-128.41000366210938, 1.073413610458374, 47.39999771118164, 0, -1, 0, 1, 0, 0, 0, 0, 1)

local Part = Instance.new("Part")
Part.BottomSurface = Enum.SurfaceType.Smooth
Part.TopSurface = Enum.SurfaceType.Smooth
Part.Color = Color3.fromRGB(137, 131, 136)
Part.Material = Enum.Material.Metal
Part.Size = Vector3.new(0.28999990224838257, 0.029999999329447746, 0.029999999329447746)
Part.CFrame = CFrame.new(-127.53630065917969, 1.0709139108657837, 47.9044303894043, 0.499917209148407, -0.8365365266799927, 0.22425314784049988, -0.00005033612251281738, 0.2589028477668762, 0.9659034609794617, -0.8660732507705688, -0.4828830361366272, 0.12938785552978516)
Part.Shape = Enum.PartType.Cylinder
Part.Parent = PaperBin

local Part1 = Instance.new("Part")
Part1.BottomSurface = Enum.SurfaceType.Smooth
Part1.TopSurface = Enum.SurfaceType.Smooth
Part1.Color = Color3.fromRGB(137, 131, 136)
Part1.Material = Enum.Material.Metal
Part1.Size = Vector3.new(2.0899999141693115, 0.029999999329447746, 0.029999999329447746)
Part1.CFrame = CFrame.new(-128.91445922851562, 1.0709148645401, 46.52630615234375, -0.12945663928985596, 0.4829358160495758, 0.8660337924957275, 0.9659038186073303, 0.2589026093482971, 0.000010386109352111816, -0.2242136001586914, 0.8365065455436707, -0.4999862611293793)
Part1.Shape = Enum.PartType.Cylinder
Part1.Parent = PaperBin

local Part2 = Instance.new("Part")
Part2.BottomSurface = Enum.SurfaceType.Smooth
Part2.TopSurface = Enum.SurfaceType.Smooth
Part2.Color = Color3.fromRGB(137, 131, 136)
Part2.Material = Enum.Material.Metal
Part2.Size = Vector3.new(0.31999990344047546, 0.029999999329447746, 0.029999999329447746)
Part2.CFrame = CFrame.new(-128.4099884033203, 1.5490351915359497, 48.537017822265625, -1, -9.313225746154785e-09, 4.470348358154297e-08, -2.9802322387695312e-08, -0.25886446237564087, 0.9659138917922974, -3.725290298461914e-09, 0.9659138321876526, 0.2588643431663513)
Part2.Shape = Enum.PartType.Cylinder
Part2.Parent = PaperBin

local Part3 = Instance.new("Part")
Part3.BottomSurface = Enum.SurfaceType.Smooth
Part3.TopSurface = Enum.SurfaceType.Smooth
Part3.Color = Color3.fromRGB(137, 131, 136)
Part3.Material = Enum.Material.Metal
Part3.Size = Vector3.new(2.0899999141693115, 0.029999999329447746, 0.029999999329447746)
Part3.CFrame = CFrame.new(-129.28370666503906, 1.0709173679351807, 47.904422760009766, -0.22420799732208252, -0.8364918231964111, 0.5000123977661133, 0.9658997058868408, -0.2589174211025238, -0.00003950297832489014, 0.12949487566947937, 0.4829529821872711, 0.8660183548927307)
Part3.Shape = Enum.PartType.Cylinder
Part3.Parent = PaperBin

local Part4 = Instance.new("Part")
Part4.BottomSurface = Enum.SurfaceType.Smooth
Part4.TopSurface = Enum.SurfaceType.Smooth
Part4.Color = Color3.fromRGB(137, 131, 136)
Part4.Material = Enum.Material.Metal
Part4.Size = Vector3.new(2.0899999141693115, 0.029999999329447746, 0.029999999329447746)
Part4.CFrame = CFrame.new(-128.9144287109375, 1.070913314819336, 48.273704528808594, -0.1294563114643097, -0.4829356074333191, 0.8660337328910828, 0.9659035205841064, -0.2589028775691986, 0.000010401010513305664, 0.22421354055404663, 0.8365062475204468, 0.49998584389686584)
Part4.Shape = Enum.PartType.Cylinder
Part4.Parent = PaperBin

local Part5 = Instance.new("Part")
Part5.BottomSurface = Enum.SurfaceType.Smooth
Part5.TopSurface = Enum.SurfaceType.Smooth
Part5.Color = Color3.fromRGB(137, 131, 136)
Part5.Material = Enum.Material.Metal
Part5.Size = Vector3.new(0.28999990224838257, 0.029999999329447746, 0.029999999329447746)
Part5.CFrame = CFrame.new(-129.28370666503906, 1.0709147453308105, 46.89556884765625, 0.4999171793460846, -0.8365365266799927, -0.22425313293933868, 0.00005037386290496215, -0.25890299677848816, 0.9659036993980408, -0.8660733103752136, -0.482883095741272, -0.1293880045413971)
Part5.Shape = Enum.PartType.Cylinder
Part5.Parent = PaperBin

local Part6 = Instance.new("Part")
Part6.BottomSurface = Enum.SurfaceType.Smooth
Part6.TopSurface = Enum.SurfaceType.Smooth
Part6.Color = Color3.fromRGB(137, 131, 136)
Part6.Material = Enum.Material.Metal
Part6.Size = Vector3.new(2.0899999141693115, 0.029999999329447746, 0.029999999329447746)
Part6.CFrame = CFrame.new(-129.38449096679688, 1.070910096168518, 47.66111373901367, -0.25006601214408875, -0.9329808354377747, 0.2588702142238617, 0.9659045338630676, -0.25889885425567627, -0.000029519200325012207, 0.06704872101545334, 0.2500365078449249, 0.9659122228622437)
Part6.Shape = Enum.PartType.Cylinder
Part6.Parent = PaperBin

local Part7 = Instance.new("Part")
Part7.BottomSurface = Enum.SurfaceType.Smooth
Part7.TopSurface = Enum.SurfaceType.Smooth
Part7.Color = Color3.fromRGB(137, 131, 136)
Part7.Material = Enum.Material.Metal
Part7.Size = Vector3.new(0.28999990224838257, 0.029999999329447746, 0.029999999329447746)
Part7.CFrame = CFrame.new(-129.3844757080078, 1.0709151029586792, 47.661109924316406, -0.2588171660900116, -0.9329943656921387, -0.2500709891319275, 0.0000311434268951416, -0.25890058279037476, 0.9659041166305542, -0.9659265279769897, 0.2499847263097763, 0.06703697144985199)
Part7.Shape = Enum.PartType.Cylinder
Part7.Parent = PaperBin

local Part8 = Instance.new("Part")
Part8.BottomSurface = Enum.SurfaceType.Smooth
Part8.TopSurface = Enum.SurfaceType.Smooth
Part8.Color = Color3.fromRGB(137, 131, 136)
Part8.Material = Enum.Material.Metal
Part8.Size = Vector3.new(0.31999990344047546, 0.029999999329447746, 0.029999999329447746)
Part8.CFrame = CFrame.new(-127.84147644042969, 1.5490344762802124, 48.38468933105469, -0.8660542964935303, 0.48290595412254333, 0.12943361699581146, -0.000014930963516235352, -0.2589177191257477, 0.9659000635147095, 0.49995118379592896, 0.8365192413330078, 0.22424323856830597)
Part8.Shape = Enum.PartType.Cylinder
Part8.Parent = PaperBin

local Part9 = Instance.new("Part")
Part9.BottomSurface = Enum.SurfaceType.Smooth
Part9.TopSurface = Enum.SurfaceType.Smooth
Part9.Color = Color3.fromRGB(137, 131, 136)
Part9.Material = Enum.Material.Metal
Part9.Size = Vector3.new(0.28999990224838257, 0.029999999329447746, 0.029999999329447746)
Part9.CFrame = CFrame.new(-129.12338256835938, 1.0709155797958374, 46.68662643432617, 0.7070338726043701, -0.683046281337738, -0.18316927552223206, 0.00009948760271072388, -0.25891774892807007, 0.9658995270729065, -0.7071797251701355, -0.6829419136047363, -0.18299570679664612)
Part9.Shape = Enum.PartType.Cylinder
Part9.Parent = PaperBin

local Part10 = Instance.new("Part")
Part10.BottomSurface = Enum.SurfaceType.Smooth
Part10.TopSurface = Enum.SurfaceType.Smooth
Part10.Color = Color3.fromRGB(137, 131, 136)
Part10.Material = Enum.Material.Metal
Part10.Size = Vector3.new(0.31999990344047546, 0.029999999329447746, 0.029999999329447746)
Part10.CFrame = CFrame.new(-129.50828552246094, 1.5490368604660034, 47.105743408203125, 0.2588171660900116, -0.9329943656921387, -0.2500709593296051, -0.000031113624572753906, -0.25890061259269714, 0.9659041166305542, -0.965926468372345, -0.2499847263097763, -0.06703700870275497)
Part10.Shape = Enum.PartType.Cylinder
Part10.Parent = PaperBin

local Part11 = Instance.new("Part")
Part11.BottomSurface = Enum.SurfaceType.Smooth
Part11.TopSurface = Enum.SurfaceType.Smooth
Part11.Color = Color3.fromRGB(137, 131, 136)
Part11.Material = Enum.Material.Metal
Part11.Size = Vector3.new(0.31999990344047546, 0.029999999329447746, 0.029999999329447746)
Part11.CFrame = CFrame.new(-128.70431518554688, 1.5490373373031616, 46.301734924316406, -0.9659300446510315, 0.24998536705970764, -0.0669819563627243, 0.000023409724235534668, 0.2588987946510315, 0.965904712677002, 0.25880351662635803, 0.932994544506073, -0.2500841021537781)
Part11.Shape = Enum.PartType.Cylinder
Part11.Parent = PaperBin

local Part12 = Instance.new("Part")
Part12.BottomSurface = Enum.SurfaceType.Smooth
Part12.TopSurface = Enum.SurfaceType.Smooth
Part12.Color = Color3.fromRGB(137, 131, 136)
Part12.Material = Enum.Material.Metal
Part12.Size = Vector3.new(0.24999988079071045, 0.029999999329447746, 0.029999999329447746)
Part12.CFrame = CFrame.new(-128.63427734375, 0.5396634340286255, 48.2369499206543, -0.9659301042556763, -0.24998533725738525, -0.06698198616504669, 0.000023424625396728516, -0.25889891386032104, 0.9659045934677124, -0.25880351662635803, 0.9329946041107178, 0.2500839829444885)
Part12.Shape = Enum.PartType.Cylinder
Part12.Parent = PaperBin

local Part13 = Instance.new("Part")
Part13.BottomSurface = Enum.SurfaceType.Smooth
Part13.TopSurface = Enum.SurfaceType.Smooth
Part13.Color = Color3.fromRGB(137, 131, 136)
Part13.Material = Enum.Material.Metal
Part13.Size = Vector3.new(0.24999988079071045, 0.029999999329447746, 0.029999999329447746)
Part13.CFrame = CFrame.new(-128.18576049804688, 0.5396696329116821, 48.236942291259766, -0.9659121632575989, 0.2500365078449249, 0.06704878807067871, 0.000029489398002624512, -0.2588988244533539, 0.9659045934677124, 0.25887027382850647, 0.9329808354377747, 0.2500661015510559)
Part13.Shape = Enum.PartType.Cylinder
Part13.Parent = PaperBin

local Part14 = Instance.new("Part")
Part14.BottomSurface = Enum.SurfaceType.Smooth
Part14.TopSurface = Enum.SurfaceType.Smooth
Part14.Color = Color3.fromRGB(137, 131, 136)
Part14.Material = Enum.Material.Metal
Part14.Size = Vector3.new(0.31999990344047546, 0.029999999329447746, 0.029999999329447746)
Part14.CFrame = CFrame.new(-128.97850036621094, 1.549038290977478, 48.38468551635742, -0.866054356098175, -0.48290595412254333, -0.1294335126876831, 0.000014871358871459961, -0.25891777873039246, 0.9658999443054199, -0.49995118379592896, 0.8365192413330078, 0.22424322366714478)
Part14.Shape = Enum.PartType.Cylinder
Part14.Parent = PaperBin

local Part15 = Instance.new("Part")
Part15.BottomSurface = Enum.SurfaceType.Smooth
Part15.TopSurface = Enum.SurfaceType.Smooth
Part15.Color = Color3.fromRGB(137, 131, 136)
Part15.Material = Enum.Material.Metal
Part15.Size = Vector3.new(0.24999988079071045, 0.029999999329447746, 0.029999999329447746)
Part15.CFrame = CFrame.new(-128.4099884033203, 0.5396623611450195, 46.53351593017578, -1, 0.000052556395530700684, -0.00006844103336334229, -0.00005258619785308838, 0.2588643431663513, 0.9659138917922974, 0.00006848573684692383, 0.9659138321876526, -0.25886446237564087)
Part15.Shape = Enum.PartType.Cylinder
Part15.Parent = PaperBin

local Part16 = Instance.new("Part")
Part16.BottomSurface = Enum.SurfaceType.Smooth
Part16.TopSurface = Enum.SurfaceType.Smooth
Part16.Color = Color3.fromRGB(137, 131, 136)
Part16.Material = Enum.Material.Metal
Part16.Size = Vector3.new(0.24999988079071045, 0.029999999329447746, 0.029999999329447746)
Part16.CFrame = CFrame.new(-129.27650451660156, 0.5396592617034912, 47.400001525878906, -0.00007452629506587982, -0.9659323692321777, -0.2587950825691223, -0.000019766390323638916, -0.25879526138305664, 0.9659324288368225, -1.0000001192092896, 0.00007700547575950623, 8.940696716308594e-08)
Part16.Shape = Enum.PartType.Cylinder
Part16.Parent = PaperBin

local Part17 = Instance.new("Part")
Part17.BottomSurface = Enum.SurfaceType.Smooth
Part17.TopSurface = Enum.SurfaceType.Smooth
Part17.Color = Color3.fromRGB(137, 131, 136)
Part17.Material = Enum.Material.Metal
Part17.Size = Vector3.new(0.24999988079071045, 0.029999999329447746, 0.029999999329447746)
Part17.CFrame = CFrame.new(-128.84326171875, 0.5396627187728882, 48.150394439697266, -0.866054356098175, -0.48290595412254333, -0.1294335126876831, 0.000014871358871459961, -0.25891777873039246, 0.9658999443054199, -0.49995118379592896, 0.8365192413330078, 0.22424322366714478)
Part17.Shape = Enum.PartType.Cylinder
Part17.Parent = PaperBin

local Part18 = Instance.new("Part")
Part18.BottomSurface = Enum.SurfaceType.Smooth
Part18.TopSurface = Enum.SurfaceType.Smooth
Part18.Color = Color3.fromRGB(137, 131, 136)
Part18.Material = Enum.Material.Metal
Part18.Size = Vector3.new(0.5, 0.07000000029802322, 0.09999990463256836)
Part18.CFrame = CFrame.new(-128.4099578857422, 2.046813726425171, 48.667781829833984, -1, 3.725290298461914e-09, 2.9802322387695312e-08, -2.9802322387695312e-08, -1.4901161193847656e-08, 1.000000238418579, -3.725290298461914e-09, 1.0000001192092896, -1.4901161193847656e-08)
Part18.Shape = Enum.PartType.Cylinder
Part18.Parent = PaperBin

local Part19 = Instance.new("Part")
Part19.BottomSurface = Enum.SurfaceType.Smooth
Part19.TopSurface = Enum.SurfaceType.Smooth
Part19.Color = Color3.fromRGB(137, 131, 136)
Part19.Material = Enum.Material.Metal
Part19.Size = Vector3.new(0.28999990224838257, 0.029999999329447746, 0.029999999329447746)
Part19.CFrame = CFrame.new(-128.41000366210938, 1.0709134340286255, 48.40886688232422, -1.0000001192092896, 0.00005254894495010376, 0.00006851553916931152, 0.00005249679088592529, -0.25886449217796326, 0.9659138917922974, 0.0000685080885887146, 0.9659137725830078, 0.2588643431663513)
Part19.Shape = Enum.PartType.Cylinder
Part19.Parent = PaperBin

local Part20 = Instance.new("Part")
Part20.BottomSurface = Enum.SurfaceType.Smooth
Part20.TopSurface = Enum.SurfaceType.Smooth
Part20.Color = Color3.fromRGB(137, 131, 136)
Part20.Material = Enum.Material.Metal
Part20.Size = Vector3.new(0.31999990344047546, 0.029999999329447746, 0.029999999329447746)
Part20.CFrame = CFrame.new(-128.7042694091797, 1.549035906791687, 48.49827575683594, -0.9659301042556763, -0.24998533725738525, -0.06698198616504669, 0.000023424625396728516, -0.25889891386032104, 0.9659045934677124, -0.25880351662635803, 0.9329946041107178, 0.2500839829444885)
Part20.Shape = Enum.PartType.Cylinder
Part20.Parent = PaperBin

local Part21 = Instance.new("Part")
Part21.BottomSurface = Enum.SurfaceType.Smooth
Part21.TopSurface = Enum.SurfaceType.Smooth
Part21.Color = Color3.fromRGB(137, 131, 136)
Part21.Material = Enum.Material.Metal
Part21.Size = Vector3.new(0.28999990224838257, 0.029999999329447746, 0.029999999329447746)
Part21.CFrame = CFrame.new(-127.69661712646484, 1.0709117650985718, 48.113372802734375, 0.7070338726043701, -0.683046281337738, 0.18316933512687683, -0.00009939819574356079, 0.25891774892807007, 0.9658995270729065, -0.7071797251701355, -0.6829419136047363, 0.18299567699432373)
Part21.Shape = Enum.PartType.Cylinder
Part21.Parent = PaperBin

local Part22 = Instance.new("Part")
Part22.BottomSurface = Enum.SurfaceType.Smooth
Part22.TopSurface = Enum.SurfaceType.Smooth
Part22.Color = Color3.fromRGB(137, 131, 136)
Part22.Material = Enum.Material.Metal
Part22.Size = Vector3.new(2.0899999141693115, 0.029999999329447746, 0.029999999329447746)
Part22.CFrame = CFrame.new(-127.90557098388672, 1.070913314819336, 46.52629089355469, 0.12945643067359924, -0.4829356074333191, 0.8660337328910828, 0.9659035205841064, 0.2589028477668762, -0.000010371208190917969, -0.22421357035636902, 0.836506187915802, 0.49998581409454346)
Part22.Shape = Enum.PartType.Cylinder
Part22.Parent = PaperBin

local Part23 = Instance.new("Part")
Part23.BottomSurface = Enum.SurfaceType.Smooth
Part23.TopSurface = Enum.SurfaceType.Smooth
Part23.Color = Color3.fromRGB(137, 131, 136)
Part23.Material = Enum.Material.Metal
Part23.Size = Vector3.new(0.28999990224838257, 0.029999999329447746, 0.029999999329447746)
Part23.CFrame = CFrame.new(-127.4011459350586, 1.0709147453308105, 47.40000534057617, 0.00002240203320980072, -0.9659123420715332, 0.258869469165802, 0.000017218291759490967, 0.2588694095611572, 0.9659125804901123, -1.0000001192092896, -0.000017191749066114426, 0.000022411346435546875)
Part23.Shape = Enum.PartType.Cylinder
Part23.Parent = PaperBin

local Part24 = Instance.new("Part")
Part24.BottomSurface = Enum.SurfaceType.Smooth
Part24.TopSurface = Enum.SurfaceType.Smooth
Part24.Color = Color3.fromRGB(137, 131, 136)
Part24.Material = Enum.Material.Metal
Part24.Size = Vector3.new(0.31999990344047546, 0.029999999329447746, 0.029999999329447746)
Part24.CFrame = CFrame.new(-128.11573791503906, 1.5490355491638184, 46.301719665527344, -0.9659300446510315, -0.24998527765274048, 0.06698204576969147, -0.000023499131202697754, 0.2588987946510315, 0.9659046530723572, -0.25880351662635803, 0.9329946041107178, -0.2500841021537781)
Part24.Shape = Enum.PartType.Cylinder
Part24.Parent = PaperBin

local Part25 = Instance.new("Part")
Part25.BottomSurface = Enum.SurfaceType.Smooth
Part25.TopSurface = Enum.SurfaceType.Smooth
Part25.Color = Color3.fromRGB(137, 131, 136)
Part25.Material = Enum.Material.Metal
Part25.Size = Vector3.new(2.0899999141693115, 0.029999999329447746, 0.029999999329447746)
Part25.CFrame = CFrame.new(-127.43553161621094, 1.0709162950515747, 47.138893127441406, 0.2500661611557007, -0.9329807758331299, 0.2588702440261841, 0.9659045934677124, 0.2588987946510315, 0.000029519200325012207, -0.06704874336719513, 0.25003644824028015, 0.9659122824668884)
Part25.Shape = Enum.PartType.Cylinder
Part25.Parent = PaperBin

local Part26 = Instance.new("Part")
Part26.BottomSurface = Enum.SurfaceType.Smooth
Part26.TopSurface = Enum.SurfaceType.Smooth
Part26.Color = Color3.fromRGB(137, 131, 136)
Part26.Material = Enum.Material.Metal
Part26.Size = Vector3.new(0.31999990344047546, 0.029999999329447746, 0.029999999329447746)
Part26.CFrame = CFrame.new(-129.3946990966797, 1.5490323305130005, 46.83149719238281, 0.4999857246875763, -0.836506187915802, -0.22421345114707947, -0.000010351603123126552, -0.2589028775691986, 0.9659035205841064, -0.8660337328910828, -0.48293566703796387, -0.12945643067359924)
Part26.Shape = Enum.PartType.Cylinder
Part26.Parent = PaperBin

local Part27 = Instance.new("Part")
Part27.BottomSurface = Enum.SurfaceType.Smooth
Part27.TopSurface = Enum.SurfaceType.Smooth
Part27.Color = Color3.fromRGB(137, 131, 136)
Part27.Material = Enum.Material.Metal
Part27.Size = Vector3.new(0.28999990224838257, 0.029999999329447746, 0.029999999329447746)
Part27.CFrame = CFrame.new(-129.4188690185547, 1.070913553237915, 47.39999771118164, 0.00002240389585494995, -0.9659123420715332, -0.25886937975883484, -0.000017173588275909424, -0.2588695287704468, 0.9659125208854675, -1.0000001192092896, -0.000017195940017700195, -0.000022426247596740723)
Part27.Shape = Enum.PartType.Cylinder
Part27.Parent = PaperBin

local Base = Instance.new("Part")
Base.Name = "Base"
Base.BottomSurface = Enum.SurfaceType.Smooth
Base.TopSurface = Enum.SurfaceType.Smooth
Base.Color = Color3.fromRGB(137, 131, 136)
Base.Material = Enum.Material.Metal
Base.Size = Vector3.new(0.05999991297721863, 1.5999999046325684, 1.5999999046325684)
Base.CFrame = CFrame.new(-128.41000366210938, 0.08000032603740692, 47.400001525878906, 0, -1, 0, 1, 0, 0, 0, 0, 1)
Base.Shape = Enum.PartType.Cylinder
Base.Parent = PaperBin

local Part28 = Instance.new("Part")
Part28.BottomSurface = Enum.SurfaceType.Smooth
Part28.TopSurface = Enum.SurfaceType.Smooth
Part28.Color = Color3.fromRGB(137, 131, 136)
Part28.Material = Enum.Material.Metal
Part28.Size = Vector3.new(2.0899999141693115, 0.029999999329447746, 0.029999999329447746)
Part28.CFrame = CFrame.new(-129.28370666503906, 1.0709125995635986, 46.895572662353516, -0.2242434024810791, -0.8365190029144287, -0.49995100498199463, 0.9658997058868408, -0.2589172124862671, -0.000014905035641277209, -0.1294335424900055, -0.4829058349132538, 0.8660537004470825)
Part28.Shape = Enum.PartType.Cylinder
Part28.Parent = PaperBin

local Part29 = Instance.new("Part")
Part29.BottomSurface = Enum.SurfaceType.Smooth
Part29.TopSurface = Enum.SurfaceType.Smooth
Part29.Color = Color3.fromRGB(137, 131, 136)
Part29.Material = Enum.Material.Metal
Part29.Size = Vector3.new(0.24999988079071045, 0.029999999329447746, 0.029999999329447746)
Part29.CFrame = CFrame.new(-129.02268981933594, 0.5396744608879089, 48.01266098022461, -0.707150936126709, -0.6829825043678284, -0.18295513093471527, 0.0001280456781387329, -0.25887757539749146, 0.9659103751182556, -0.7070627212524414, 0.6830208897590637, 0.1831529140472412)
Part29.Shape = Enum.PartType.Cylinder
Part29.Parent = PaperBin

local Part30 = Instance.new("Part")
Part30.BottomSurface = Enum.SurfaceType.Smooth
Part30.TopSurface = Enum.SurfaceType.Smooth
Part30.Color = Color3.fromRGB(137, 131, 136)
Part30.Material = Enum.Material.Metal
Part30.Size = Vector3.new(0.31999990344047546, 0.029999999329447746, 0.029999999329447746)
Part30.CFrame = CFrame.new(-128.11570739746094, 1.5490357875823975, 48.4982795715332, -0.9659300446510315, 0.24998533725738525, 0.06698204576969147, -0.0000235140323638916, -0.25889891386032104, 0.9659045934677124, 0.25880351662635803, 0.9329946637153625, 0.2500839829444885)
Part30.Shape = Enum.PartType.Cylinder
Part30.Parent = PaperBin

local Part31 = Instance.new("Part")
Part31.BottomSurface = Enum.SurfaceType.Smooth
Part31.TopSurface = Enum.SurfaceType.Smooth
Part31.Color = Color3.fromRGB(137, 131, 136)
Part31.Material = Enum.Material.Metal
Part31.Size = Vector3.new(2.0899999141693115, 0.029999999329447746, 0.029999999329447746)
Part31.CFrame = CFrame.new(-128.14891052246094, 1.0709139108657837, 48.37449645996094, 0.06703700125217438, 0.2499847263097763, 0.965926468372345, 0.9659041166305542, -0.25890058279037476, -0.00003108382225036621, 0.2500709891319275, 0.9329943656921387, -0.25881722569465637)
Part31.Shape = Enum.PartType.Cylinder
Part31.Parent = PaperBin

local Part32 = Instance.new("Part")
Part32.BottomSurface = Enum.SurfaceType.Smooth
Part32.TopSurface = Enum.SurfaceType.Smooth
Part32.Color = Color3.fromRGB(137, 131, 136)
Part32.Material = Enum.Material.Metal
Part32.Size = Vector3.new(0.24999988079071045, 0.029999999329447746, 0.029999999329447746)
Part32.CFrame = CFrame.new(-127.65959167480469, 0.5396600365638733, 47.833255767822266, 0.5000542402267456, -0.8364899158477783, 0.22412151098251343, 0.000016706813767086715, 0.2588118612766266, 0.9659279584884644, -0.8659942150115967, -0.4830125570297241, 0.12943387031555176)
Part32.Shape = Enum.PartType.Cylinder
Part32.Parent = PaperBin

local Part33 = Instance.new("Part")
Part33.BottomSurface = Enum.SurfaceType.Smooth
Part33.TopSurface = Enum.SurfaceType.Smooth
Part33.Color = Color3.fromRGB(137, 131, 136)
Part33.Material = Enum.Material.Metal
Part33.Size = Vector3.new(0.28999990224838257, 0.029999999329447746, 0.029999999329447746)
Part33.CFrame = CFrame.new(-128.67111206054688, 1.0709154605865479, 46.425514221191406, -0.9659122228622437, 0.2500365078449249, -0.06704869866371155, -0.000029534101486206055, 0.2588987946510315, 0.9659046530723572, 0.25887027382850647, 0.9329808950424194, -0.2500661015510559)
Part33.Shape = Enum.PartType.Cylinder
Part33.Parent = PaperBin

local Part34 = Instance.new("Part")
Part34.BottomSurface = Enum.SurfaceType.Smooth
Part34.TopSurface = Enum.SurfaceType.Smooth
Part34.Color = Color3.fromRGB(137, 131, 136)
Part34.Material = Enum.Material.Metal
Part34.Size = Vector3.new(0.24999988079071045, 0.029999999329447746, 0.029999999329447746)
Part34.CFrame = CFrame.new(-127.79733276367188, 0.5396721363067627, 48.0126838684082, -0.707086443901062, 0.6830060482025146, 0.18311692774295807, 0.00004255026578903198, -0.2589178681373596, 0.9658995866775513, 0.7071273922920227, 0.6829820871353149, 0.1830480694770813)
Part34.Shape = Enum.PartType.Cylinder
Part34.Parent = PaperBin

local Part35 = Instance.new("Part")
Part35.BottomSurface = Enum.SurfaceType.Smooth
Part35.TopSurface = Enum.SurfaceType.Smooth
Part35.Color = Color3.fromRGB(137, 131, 136)
Part35.Material = Enum.Material.Metal
Part35.Size = Vector3.new(0.31999990344047546, 0.029999999329447746, 0.029999999329447746)
Part35.CFrame = CFrame.new(-127.31171417236328, 1.5490378141403198, 47.69426345825195, 0.2588171660900116, -0.9329942464828491, 0.2500710189342499, 0.0000311732292175293, 0.25890055298805237, 0.965904176235199, -0.965926468372345, -0.2499847561120987, 0.06703697144985199)
Part35.Shape = Enum.PartType.Cylinder
Part35.Parent = PaperBin

local Part36 = Instance.new("Part")
Part36.BottomSurface = Enum.SurfaceType.Smooth
Part36.TopSurface = Enum.SurfaceType.Smooth
Part36.Color = Color3.fromRGB(137, 131, 136)
Part36.Material = Enum.Material.Metal
Part36.Size = Vector3.new(0.28999990224838257, 0.029999999329447746, 0.029999999329447746)
Part36.CFrame = CFrame.new(-127.4355239868164, 1.0709151029586792, 47.138885498046875, -0.25881722569465637, -0.9329942464828491, 0.2500710189342499, -0.0000311434268951416, 0.25890055298805237, 0.9659041166305542, -0.9659265279769897, 0.24998469650745392, -0.06703703105449677)
Part36.Shape = Enum.PartType.Cylinder
Part36.Parent = PaperBin

local Part37 = Instance.new("Part")
Part37.BottomSurface = Enum.SurfaceType.Smooth
Part37.TopSurface = Enum.SurfaceType.Smooth
Part37.Color = Color3.fromRGB(137, 131, 136)
Part37.Material = Enum.Material.Metal
Part37.Size = Vector3.new(0.28999990224838257, 0.029999999329447746, 0.029999999329447746)
Part37.CFrame = CFrame.new(-127.4355239868164, 1.0709166526794434, 47.66111373901367, 0.2588171660900116, -0.9329942464828491, 0.2500710189342499, 0.0000311732292175293, 0.25890055298805237, 0.965904176235199, -0.965926468372345, -0.2499847561120987, 0.06703697144985199)
Part37.Shape = Enum.PartType.Cylinder
Part37.Parent = PaperBin

local Part38 = Instance.new("Part")
Part38.BottomSurface = Enum.SurfaceType.Smooth
Part38.TopSurface = Enum.SurfaceType.Smooth
Part38.Color = Color3.fromRGB(137, 131, 136)
Part38.Material = Enum.Material.Metal
Part38.Size = Vector3.new(0.28999990224838257, 0.029999999329447746, 0.029999999329447746)
Part38.CFrame = CFrame.new(-128.14889526367188, 1.0709139108657837, 48.37449264526367, -0.9659121632575989, 0.2500365078449249, 0.06704878807067871, 0.000029489398002624512, -0.2588988244533539, 0.9659045934677124, 0.25887027382850647, 0.9329808354377747, 0.2500661015510559)
Part38.Shape = Enum.PartType.Cylinder
Part38.Parent = PaperBin

local Part39 = Instance.new("Part")
Part39.BottomSurface = Enum.SurfaceType.Smooth
Part39.TopSurface = Enum.SurfaceType.Smooth
Part39.Color = Color3.fromRGB(137, 131, 136)
Part39.Material = Enum.Material.Metal
Part39.Size = Vector3.new(0.28999990224838257, 0.029999999329447746, 0.029999999329447746)
Part39.CFrame = CFrame.new(-127.53629302978516, 1.070910930633545, 46.89556121826172, -0.4999861717224121, -0.8365063071250916, 0.2242136150598526, -0.000010356307029724121, 0.2589026093482971, 0.9659038186073303, -0.8660339117050171, 0.48293575644493103, -0.12945665419101715)
Part39.Shape = Enum.PartType.Cylinder
Part39.Parent = PaperBin

local Part40 = Instance.new("Part")
Part40.BottomSurface = Enum.SurfaceType.Smooth
Part40.TopSurface = Enum.SurfaceType.Smooth
Part40.Color = Color3.fromRGB(137, 131, 136)
Part40.Material = Enum.Material.Metal
Part40.Size = Vector3.new(2.0899999141693115, 0.029999999329447746, 0.029999999329447746)
Part40.CFrame = CFrame.new(-127.53630065917969, 1.0709139108657837, 47.9044303894043, 0.22424349188804626, -0.8365190625190735, -0.49995100498199463, 0.9658997058868408, 0.25891730189323425, 0.000014835532056167722, 0.12943348288536072, -0.48290589451789856, 0.8660537600517273)
Part40.Shape = Enum.PartType.Cylinder
Part40.Parent = PaperBin

local Part41 = Instance.new("Part")
Part41.BottomSurface = Enum.SurfaceType.Smooth
Part41.TopSurface = Enum.SurfaceType.Smooth
Part41.Color = Color3.fromRGB(137, 131, 136)
Part41.Material = Enum.Material.Metal
Part41.Size = Vector3.new(0.31999990344047546, 0.029999999329447746, 0.029999999329447746)
Part41.CFrame = CFrame.new(-129.50828552246094, 1.5490362644195557, 47.694297790527344, -0.2588171660900116, -0.9329943656921387, -0.2500709891319275, 0.0000311434268951416, -0.25890058279037476, 0.9659041166305542, -0.9659265279769897, 0.2499847263097763, 0.06703697144985199)
Part41.Shape = Enum.PartType.Cylinder
Part41.Parent = PaperBin

local Part42 = Instance.new("Part")
Part42.BottomSurface = Enum.SurfaceType.Smooth
Part42.TopSurface = Enum.SurfaceType.Smooth
Part42.Color = Color3.fromRGB(137, 131, 136)
Part42.Material = Enum.Material.Metal
Part42.Size = Vector3.new(0.31999990344047546, 0.029999999329447746, 0.029999999329447746)
Part42.CFrame = CFrame.new(-127.42530822753906, 1.549036979675293, 47.96849822998047, 0.4999857246875763, -0.8365061283111572, 0.22421354055404663, 0.000010439136531203985, 0.2589028775691986, 0.9659034609794617, -0.866033673286438, -0.48293569684028625, 0.12945638597011566)
Part42.Shape = Enum.PartType.Cylinder
Part42.Parent = PaperBin

local Part43 = Instance.new("Part")
Part43.BottomSurface = Enum.SurfaceType.Smooth
Part43.TopSurface = Enum.SurfaceType.Smooth
Part43.Color = Color3.fromRGB(137, 131, 136)
Part43.Material = Enum.Material.Metal
Part43.Size = Vector3.new(0.24999988079071045, 0.029999999329447746, 0.029999999329447746)
Part43.CFrame = CFrame.new(-127.97674560546875, 0.5396624207496643, 46.64960861206055, -0.8660894632339478, -0.4828587770462036, 0.12937217950820923, -0.0000692605972290039, 0.2589171230792999, 0.9658998250961304, -0.4998897910118103, 0.8365463614463806, -0.22427907586097717)
Part43.Shape = Enum.PartType.Cylinder
Part43.Parent = PaperBin

local Part44 = Instance.new("Part")
Part44.BottomSurface = Enum.SurfaceType.Smooth
Part44.TopSurface = Enum.SurfaceType.Smooth
Part44.Color = Color3.fromRGB(137, 131, 136)
Part44.Material = Enum.Material.Metal
Part44.Size = Vector3.new(0.24999988079071045, 0.029999999329447746, 0.029999999329447746)
Part44.CFrame = CFrame.new(-129.02267456054688, 0.5396684408187866, 46.78731155395508, -0.7070984840393066, 0.683022677898407, -0.18300750851631165, 0.00007115304470062256, 0.25887757539749146, 0.9659103751182556, 0.7071151733398438, 0.6829807162284851, -0.18310049176216125)
Part44.Shape = Enum.PartType.Cylinder
Part44.Parent = PaperBin

local Part45 = Instance.new("Part")
Part45.BottomSurface = Enum.SurfaceType.Smooth
Part45.TopSurface = Enum.SurfaceType.Smooth
Part45.Color = Color3.fromRGB(137, 131, 136)
Part45.Material = Enum.Material.Metal
Part45.Size = Vector3.new(0.24999988079071045, 0.029999999329447746, 0.029999999329447746)
Part45.CFrame = CFrame.new(-127.79731750488281, 0.5396698713302612, 46.78734588623047, -0.7071388959884644, -0.6829657554626465, 0.18306447565555573, -0.000014349818229675293, 0.2589176893234253, 0.9658995270729065, -0.7070749998092651, 0.6830223202705383, -0.1831006407737732)
Part45.Shape = Enum.PartType.Cylinder
Part45.Parent = PaperBin

local Part46 = Instance.new("Part")
Part46.BottomSurface = Enum.SurfaceType.Smooth
Part46.TopSurface = Enum.SurfaceType.Smooth
Part46.Color = Color3.fromRGB(137, 131, 136)
Part46.Material = Enum.Material.Metal
Part46.Size = Vector3.new(0.24999988079071045, 0.029999999329447746, 0.029999999329447746)
Part46.CFrame = CFrame.new(-129.16038513183594, 0.539675235748291, 47.83320236206055, -0.5000016689300537, -0.8365235328674316, -0.22411327064037323, 0.00011874735355377197, -0.25885045528411865, 0.9659176468849182, -0.8660246133804321, 0.48293381929397583, 0.12952487170696259)
Part46.Shape = Enum.PartType.Cylinder
Part46.Parent = PaperBin

local Part47 = Instance.new("Part")
Part47.BottomSurface = Enum.SurfaceType.Smooth
Part47.TopSurface = Enum.SurfaceType.Smooth
Part47.Color = Color3.fromRGB(137, 131, 136)
Part47.Material = Enum.Material.Metal
Part47.Size = Vector3.new(2.0899999141693115, 0.029999999329447746, 0.029999999329447746)
Part47.CFrame = CFrame.new(-129.3844757080078, 1.0709128379821777, 47.138877868652344, -0.2500840425491333, -0.932994544506073, -0.25880348682403564, 0.9659046530723572, -0.25889894366264343, -0.00002349168062210083, -0.06698203831911087, -0.24998536705970764, 0.965930163860321)
Part47.Shape = Enum.PartType.Cylinder
Part47.Parent = PaperBin

local Part48 = Instance.new("Part")
Part48.BottomSurface = Enum.SurfaceType.Smooth
Part48.TopSurface = Enum.SurfaceType.Smooth
Part48.Color = Color3.fromRGB(137, 131, 136)
Part48.Material = Enum.Material.Metal
Part48.Size = Vector3.new(0.31999990344047546, 0.029999999329447746, 0.029999999329447746)
Part48.CFrame = CFrame.new(-129.21401977539062, 1.549039363861084, 46.596031188964844, -0.7071387767791748, 0.6829658150672913, -0.18306437134742737, 0.000014282763004302979, 0.25891774892807007, 0.9658995270729065, 0.7070749998092651, 0.6830222606658936, -0.1831006109714508)
Part48.Shape = Enum.PartType.Cylinder
Part48.Parent = PaperBin

local Part49 = Instance.new("Part")
Part49.BottomSurface = Enum.SurfaceType.Smooth
Part49.TopSurface = Enum.SurfaceType.Smooth
Part49.Color = Color3.fromRGB(137, 131, 136)
Part49.Material = Enum.Material.Metal
Part49.Size = Vector3.new(0.28999990224838257, 0.029999999329447746, 0.029999999329447746)
Part49.CFrame = CFrame.new(-128.9144287109375, 1.070914626121521, 48.273704528808594, -0.8660183548927307, -0.48295295238494873, -0.12949489057064056, -0.000039517879486083984, -0.2589173913002014, 0.9658997654914856, -0.5000124573707581, 0.8364918828010559, 0.22420799732208252)
Part49.Shape = Enum.PartType.Cylinder
Part49.Parent = PaperBin

local Part50 = Instance.new("Part")
Part50.BottomSurface = Enum.SurfaceType.Smooth
Part50.TopSurface = Enum.SurfaceType.Smooth
Part50.Color = Color3.fromRGB(137, 131, 136)
Part50.Material = Enum.Material.Metal
Part50.Size = Vector3.new(0.31999990344047546, 0.029999999329447746, 0.029999999329447746)
Part50.CFrame = CFrame.new(-128.97854614257812, 1.549038052558899, 46.41532897949219, -0.8660537004470825, 0.4829058051109314, -0.12943346798419952, 0.000014826655387878418, 0.25891730189323425, 0.9658997058868408, 0.499951034784317, 0.8365190625190735, -0.22424344718456268)
Part50.Shape = Enum.PartType.Cylinder
Part50.Parent = PaperBin

local Part51 = Instance.new("Part")
Part51.BottomSurface = Enum.SurfaceType.Smooth
Part51.TopSurface = Enum.SurfaceType.Smooth
Part51.Color = Color3.fromRGB(137, 131, 136)
Part51.Material = Enum.Material.Metal
Part51.Size = Vector3.new(0.24999988079071045, 0.029999999329447746, 0.029999999329447746)
Part51.CFrame = CFrame.new(-128.41001892089844, 0.5396609306335449, 48.2664909362793, -1, -9.313225746154785e-09, 4.470348358154297e-08, -2.9802322387695312e-08, -0.25886446237564087, 0.9659138917922974, -3.725290298461914e-09, 0.9659138321876526, 0.2588643431663513)
Part51.Shape = Enum.PartType.Cylinder
Part51.Parent = PaperBin

local Part52 = Instance.new("Part")
Part52.BottomSurface = Enum.SurfaceType.Smooth
Part52.TopSurface = Enum.SurfaceType.Smooth
Part52.Color = Color3.fromRGB(137, 131, 136)
Part52.Material = Enum.Material.Metal
Part52.Size = Vector3.new(0.24999988079071045, 0.029999999329447746, 0.029999999329447746)
Part52.CFrame = CFrame.new(-127.57304382324219, 0.5396631956100464, 47.624263763427734, 0.25890055298805237, -0.9329943060874939, 0.2499847561120987, 0.0000311732292175293, 0.2588171660900116, 0.9659265279769897, -0.9659041166305542, -0.25007104873657227, 0.06703697144985199)
Part52.Shape = Enum.PartType.Cylinder
Part52.Parent = PaperBin

local Part53 = Instance.new("Part")
Part53.BottomSurface = Enum.SurfaceType.Smooth
Part53.TopSurface = Enum.SurfaceType.Smooth
Part53.Color = Color3.fromRGB(137, 131, 136)
Part53.Material = Enum.Material.Metal
Part53.Size = Vector3.new(2.0899999141693115, 0.029999999329447746, 0.029999999329447746)
Part53.CFrame = CFrame.new(-127.90557098388672, 1.070913314819336, 46.52629089355469, 0.12945643067359924, -0.4829356074333191, 0.8660337328910828, 0.9659035205841064, 0.2589028477668762, -0.000010371208190917969, -0.22421357035636902, 0.836506187915802, 0.49998581409454346)
Part53.Shape = Enum.PartType.Cylinder
Part53.Parent = PaperBin

local Part54 = Instance.new("Part")
Part54.BottomSurface = Enum.SurfaceType.Smooth
Part54.TopSurface = Enum.SurfaceType.Smooth
Part54.Color = Color3.fromRGB(137, 131, 136)
Part54.Material = Enum.Material.Metal
Part54.Size = Vector3.new(0.31999990344047546, 0.029999999329447746, 0.029999999329447746)
Part54.CFrame = CFrame.new(-127.31173706054688, 1.5490336418151855, 47.10569763183594, -0.2589646577835083, -0.9329418540000916, 0.25011497735977173, -0.00006179511547088623, 0.25896432995796204, 0.965887188911438, -0.965887188911438, 0.25011494755744934, -0.06712046265602112)
Part54.Shape = Enum.PartType.Cylinder
Part54.Parent = PaperBin

local Part55 = Instance.new("Part")
Part55.BottomSurface = Enum.SurfaceType.Smooth
Part55.TopSurface = Enum.SurfaceType.Smooth
Part55.Color = Color3.fromRGB(137, 131, 136)
Part55.Material = Enum.Material.Metal
Part55.Size = Vector3.new(0.31999990344047546, 0.029999999329447746, 0.029999999329447746)
Part55.CFrame = CFrame.new(-127.60598754882812, 1.5490368604660034, 48.203983306884766, -0.7071388363838196, 0.6829657554626465, 0.18306447565555573, -0.00001436471939086914, -0.25891783833503723, 0.9658994674682617, 0.7070749998092651, 0.6830223202705383, 0.18310052156448364)
Part55.Shape = Enum.PartType.Cylinder
Part55.Parent = PaperBin

local Part56 = Instance.new("Part")
Part56.BottomSurface = Enum.SurfaceType.Smooth
Part56.TopSurface = Enum.SurfaceType.Smooth
Part56.Color = Color3.fromRGB(137, 131, 136)
Part56.Material = Enum.Material.Metal
Part56.Size = Vector3.new(2.0899999141693115, 0.029999999329447746, 0.029999999329447746)
Part56.CFrame = CFrame.new(-128.67112731933594, 1.0709149837493896, 46.42551803588867, -0.0670369565486908, 0.2499847561120987, 0.965926468372345, 0.965904176235199, 0.25890058279037476, 0.000031188130378723145, -0.25007104873657227, 0.9329943060874939, -0.25881722569465637)
Part56.Shape = Enum.PartType.Cylinder
Part56.Parent = PaperBin

local Part57 = Instance.new("Part")
Part57.BottomSurface = Enum.SurfaceType.Smooth
Part57.TopSurface = Enum.SurfaceType.Smooth
Part57.Color = Color3.fromRGB(137, 131, 136)
Part57.Material = Enum.Material.Metal
Part57.Size = Vector3.new(0.28999990224838257, 0.029999999329447746, 0.029999999329447746)
Part57.CFrame = CFrame.new(-127.90558624267578, 1.0709154605865479, 46.52629852294922, -0.8660183548927307, -0.48295295238494873, 0.12949492037296295, 0.000039517879486083984, 0.25891730189323425, 0.9658997058868408, -0.5000124573707581, 0.8364918828010559, -0.2242080420255661)
Part57.Shape = Enum.PartType.Cylinder
Part57.Parent = PaperBin

local Part58 = Instance.new("Part")
Part58.BottomSurface = Enum.SurfaceType.Smooth
Part58.TopSurface = Enum.SurfaceType.Smooth
Part58.Color = Color3.fromRGB(137, 131, 136)
Part58.Material = Enum.Material.Metal
Part58.Size = Vector3.new(0.28999990224838257, 0.029999999329447746, 0.029999999329447746)
Part58.CFrame = CFrame.new(-128.14891052246094, 1.070914626121521, 46.425506591796875, -0.9659479856491089, -0.2499341368675232, 0.06691531836986542, -0.00007648766040802002, 0.2588988244533539, 0.9659045934677124, -0.25873681902885437, 0.9330083131790161, -0.25010186433792114)
Part58.Shape = Enum.PartType.Cylinder
Part58.Parent = PaperBin

local Part59 = Instance.new("Part")
Part59.BottomSurface = Enum.SurfaceType.Smooth
Part59.TopSurface = Enum.SurfaceType.Smooth
Part59.Color = Color3.fromRGB(137, 131, 136)
Part59.Material = Enum.Material.Metal
Part59.Size = Vector3.new(0.28999990224838257, 0.029999999329447746, 0.029999999329447746)
Part59.CFrame = CFrame.new(-127.90557861328125, 1.0709147453308105, 48.27370834350586, 0.8659828305244446, -0.4830000698566437, 0.12955638766288757, -0.00009388476610183716, 0.2589171528816223, 0.9658998250961304, -0.5000739097595215, -0.8364648222923279, 0.22417238354682922)
Part59.Shape = Enum.PartType.Cylinder
Part59.Parent = PaperBin

local Part60 = Instance.new("Part")
Part60.BottomSurface = Enum.SurfaceType.Smooth
Part60.TopSurface = Enum.SurfaceType.Smooth
Part60.Color = Color3.fromRGB(137, 131, 136)
Part60.Material = Enum.Material.Metal
Part60.Size = Vector3.new(0.31999990344047546, 0.029999999329447746, 0.029999999329447746)
Part60.CFrame = CFrame.new(-129.3946990966797, 1.5490350723266602, 47.968528747558594, -0.4999856948852539, -0.8365062475204468, -0.22421349585056305, 0.000010415911674499512, -0.2589028775691986, 0.9659035205841064, -0.8660337924957275, 0.48293566703796387, 0.12945641577243805)
Part60.Shape = Enum.PartType.Cylinder
Part60.Parent = PaperBin

local Part61 = Instance.new("Part")
Part61.BottomSurface = Enum.SurfaceType.Smooth
Part61.TopSurface = Enum.SurfaceType.Smooth
Part61.Color = Color3.fromRGB(137, 131, 136)
Part61.Material = Enum.Material.Metal
